1        28576    28576    0.273 0.0888 0 
28577    39552    10976    0.249 0.0814 0 
39553    43200    3648     0.271 0.0751 0 
43201    61664    18464    0.310 0.0882 0 
61665    68448    6784     0.290 0.0886 0 
68449    75904    7456     0.350 0.0896 0 
75905    80928    5024     0.275 0.0842 1 
80929    84224    3296     0.245 0.0710 0 
84225    89088    4864     0.319 0.0950 0 
89089    107360   18272    0.279 0.0882 0 
107361   115072   7712     0.245 0.0826 0 
115073   120128   5056     0.291 0.0734 0 
120129   124512   4384     0.326 0.0828 0 
124513   127840   3328     0.266 0.0935 1 
127841   134912   7072     0.250 0.0945 0 
134913   138752   3840     0.294 0.1012 1 
138753   142656   3904     0.347 0.0803 1 
142657   146528   3872     0.304 0.0817 0 
146529   150688   4160     0.352 0.0761 0 
150689   156480   5792     0.313 0.0868 0 
156481   185696   29216    0.275 0.0807 0 
185697   194496   8800     0.298 0.0852 0 
194497   203488   8992     0.248 0.0830 0 
203489   208896   5408     0.316 0.0761 0 
208897   212704   3808     0.297 0.0863 0 
212705   229984   17280    0.249 0.0808 0 
229985   258848   28864    0.274 0.0855 1 
258849   282464   23616    0.241 0.0779 1 
282465   337088   54624    0.288 0.0903 0 
337089   355360   18272    0.253 0.0818 0 
355361   363808   8448     0.288 0.0756 0 
363809   380160   16352    0.240 0.0802 0 
380161   390688   10528    0.318 0.0862 0 
390689   397344   6656     0.264 0.0738 1 
397345   401152   3808     0.335 0.0931 1 
401153   408960   7808     0.257 0.0799 0 
408961   438720   29760    0.292 0.0877 0 
438721   445600   6880     0.252 0.0763 0 
445601   453536   7936     0.225 0.0664 0 
453537   463456   9920     0.259 0.0843 0 
463457   468512   5056     0.308 0.0893 0 
468513   491488   22976    0.279 0.0836 1 
491489   541728   50240    0.257 0.0818 0 
541729   545728   4000     0.224 0.0771 1 
545729   562016   16288    0.282 0.0883 0 
562017   566272   4256     0.255 0.0760 0 
566273   572128   5856     0.226 0.0782 1 
572129   584192   12064    0.285 0.0915 0 
584193   595232   11040    0.239 0.0875 0 
595233   621312   26080    0.267 0.0850 0 
621313   748672   127360   0.284 0.0896 0 
748673   753600   4928     0.252 0.0792 1 
753601   761216   7616     0.231 0.0749 1 
761217   869216   108000   0.263 0.0818 0 
869217   883520   14304    0.288 0.0847 0 
883521   897504   13984    0.236 0.0776 0 
897505   905376   7872     0.264 0.0840 1 
905377   917440   12064    0.317 0.0795 1 
917441   925664   8224     0.246 0.0777 0 
925665   932000   6336     0.281 0.0902 0 
932001   939680   7680     0.323 0.0831 0 
939681   944192   4512     0.365 0.0687 1 
944193   951968   7776     0.301 0.0814 0 
951969   959296   7328     0.277 0.0766 0 
959297   963232   3936     0.319 0.0920 1 
963233   984576   21344    0.266 0.0885 1 
